3
1
78
27
148
0
248
2
240
0
240
0
224
0
224
0
224
0
224
0
224
0
224
0
224
0
240
0
240
0
240
0
240
0
248
0
252
0
254
2
0
0
0
0
0
0
0
0
0
0
0
0
0
0
0
0
99
135
33
254
115
137
36
30
88
9
226
94
91
28
163
254
102
162
164
190
47
169
91
126
118
47
208
30
55
48
192
158
83
180
149
94
118
54
166
222
97
59
39
158
108
59
81
190
65
4
204
95
60
138
138
191
51
20
224
159
42
36
3
255
50
156
132
124
62
15
96
250
46
31
157
154
55
39
25
218
67
19
227
184
62
147
33
153
65
38
89
115
77
161
145
182
58
164
131
86
69
164
168
148
80
26
207
48
0
0
0
0
0
0
0
0
0
0
0
0
0
0
0
0
0
0
0
0
0
0
0
0
0
0
0
0
0
0
0
0
0
0
0
0
0
0
0
0
0
0
0
0
0
0
0
0
0
0
0
0
0
0
0
0
0
0
0
0
0
0
0
0
0
0
0
0
0
0
0
0
0
0
0
0
0
0
0
0
0
0
0
0
0
0
0
0
0
0
0
0
3
1
82
30
148
0
248
2
240
0
224
0
224
0
224
0
224
0
224
0
224
0
224
0
224
0
224
0
224
0
224
0
240
0
240
0
248
0
252
2
0
0
0
0
0
0
0
0
0
0
0
0
0
0
0
0
99
134
226
254
115
137
36
62
88
9
162
126
102
162
164
190
38
42
218
94
118
176
16
158
55
176
192
158
83
52
85
30
118
182
102
222
96
187
39
222
108
59
81
190
56
64
87
94
65
4
140
63
60
138
138
223
51
20
224
159
88
157
35
223
42
36
3
255
50
156
131
124
47
169
91
92
46
31
157
154
58
164
130
186
55
39
25
218
75
152
142
82
62
15
96
246
77
161
210
54
65
166
24
241
80
26
207
52
70
36
104
244
63
161
168
178
69
26
163
143
0
0
0
0
0
0
0
0
0
0
0
0
0
0
0
0
0
0
0
0
0
0
0
0
0
0
0
0
0
0
0
0
0
0
0
0
0
0
0
0
0
0
0
0
0
0
0
0
0
0
0
0
0
0
0
0
0
0
0
0
0
0
0
0
0
0
0
0
0
0
0
0
0
0
0
0
0
0
0
0
